0.000000 0 8.000000 NULL
8.000000 0 6.000000 NULL
14.000000 1 2.000000 s1
16.000000 2 2.000000 s2
18.000000 0 4.000000 NULL
22.000000 3 2.000000 payoff
24.000000 0 2.000000 NULL
26.000000 1 2.000000 s1
28.000000 2 2.000000 s2
30.000000 0 4.000000 NULL
34.000000 3 2.000000 payoff
36.000000 0 2.000000 NULL
38.000000 1 2.000000 s1
40.000000 2 2.000000 s2
42.000000 0 2.000000 NULL
44.000000 3 2.000000 payoff
46.000000 0 2.000000 NULL
48.000000 1 2.000000 s1
50.000000 2 2.000000 s2
52.000000 3 2.000000 payoff
54.000000 0 2.000000 NULL
56.000000 1 2.000000 s1
58.000000 2 2.000000 s2
60.000000 0 2.000000 NULL
62.000000 3 2.000000 payoff
64.000000 0 2.000000 NULL
66.000000 1 2.000000 s1
68.000000 2 2.000000 s2
70.000000 0 6.000000 NULL
76.000000 3 2.000000 payoff
78.000000 0 2.000000 NULL
80.000000 1 2.000000 s1
82.000000 2 2.000000 s2
84.000000 0 2.000000 NULL
86.000000 3 2.000000 payoff
88.000000 0 2.000000 NULL
90.000000 1 2.000000 s1
92.000000 2 2.000000 s2
94.000000 3 2.000000 payoff
96.000000 0 2.000000 NULL
98.000000 1 2.000000 s1
100.000000 2 2.000000 s2
102.000000 0 4.000000 NULL
106.000000 3 2.000000 payoff
108.000000 0 2.000000 NULL
110.000000 1 2.000000 s1
112.000000 2 2.000000 s2
114.000000 0 2.000000 NULL
116.000000 3 2.000000 payoff
118.000000 0 2.000000 NULL
120.000000 1 2.000000 s1
122.000000 2 2.000000 s2
124.000000 0 2.000000 NULL
126.000000 3 2.000000 payoff
128.000000 0 2.000000 NULL
130.000000 1 2.000000 s1
132.000000 2 2.000000 s2
134.000000 3 2.000000 payoff
136.000000 0 2.000000 NULL
138.000000 1 2.000000 s1
140.000000 2 2.000000 s2
142.000000 0 2.000000 NULL
144.000000 3 2.000000 payoff
146.000000 0 2.000000 NULL
148.000000 1 2.000000 s1
150.000000 2 2.000000 s2
152.000000 0 2.000000 NULL
154.000000 3 2.000000 payoff
156.000000 0 2.000000 NULL
158.000000 1 2.000000 s1
160.000000 2 2.000000 s2
162.000000 0 2.000000 NULL
164.000000 3 2.000000 payoff
166.000000 0 2.000000 NULL
168.000000 1 2.000000 s1
170.000000 2 2.000000 s2
172.000000 0 6.000000 NULL
178.000000 3 2.000000 payoff
180.000000 0 2.000000 NULL
182.000000 1 2.000000 s1
184.000000 2 2.000000 s2
186.000000 3 2.000000 payoff
188.000000 0 2.000000 NULL
190.000000 1 2.000000 s1
192.000000 2 2.000000 s2
194.000000 3 2.000000 payoff
196.000000 0 2.000000 NULL
198.000000 1 2.000000 s1
200.000000 2 2.000000 s2
202.000000 0 4.000000 NULL
206.000000 3 2.000000 payoff
208.000000 0 2.000000 NULL
210.000000 1 2.000000 s1
212.000000 2 2.000000 s2
214.000000 0 2.000000 NULL
216.000000 3 2.000000 payoff
218.000000 0 2.000000 NULL
220.000000 1 2.000000 s1
222.000000 2 2.000000 s2
224.000000 3 2.000000 payoff
226.000000 0 2.000000 NULL
228.000000 1 2.000000 s1
230.000000 2 2.000000 s2
232.000000 0 4.000000 NULL
236.000000 3 2.000000 payoff
238.000000 0 2.000000 NULL
240.000000 1 2.000000 s1
242.000000 2 2.000000 s2
244.000000 0 6.000000 NULL
250.000000 3 2.000000 payoff
252.000000 0 2.000000 NULL
254.000000 1 2.000000 s1
256.000000 2 2.000000 s2
258.000000 0 6.000000 NULL
264.000000 3 2.000000 payoff
266.000000 0 2.000000 NULL
268.000000 1 2.000000 s1
270.000000 2 2.000000 s2
272.000000 3 2.000000 payoff
274.000000 0 2.000000 NULL
276.000000 1 2.000000 s1
278.000000 2 2.000000 s2
280.000000 0 6.000000 NULL
286.000000 3 2.000000 payoff
288.000000 0 2.000000 NULL
290.000000 1 2.000000 s1
292.000000 2 2.000000 s2
294.000000 3 2.000000 payoff
296.000000 0 2.000000 NULL
298.000000 1 2.000000 s1
300.000000 2 2.000000 s2
302.000000 0 6.000000 NULL
308.000000 3 2.000000 payoff
310.000000 0 2.000000 NULL
312.000000 1 2.000000 s1
314.000000 2 2.000000 s2
316.000000 0 4.000000 NULL
320.000000 3 2.000000 payoff
322.000000 0 2.000000 NULL
324.000000 1 2.000000 s1
326.000000 2 2.000000 s2
328.000000 0 6.000000 NULL
334.000000 3 2.000000 payoff
336.000000 0 2.000000 NULL
338.000000 1 2.000000 s1
340.000000 2 2.000000 s2
342.000000 0 4.000000 NULL
346.000000 3 2.000000 payoff
348.000000 0 2.000000 NULL
350.000000 1 2.000000 s1
352.000000 2 2.000000 s2
354.000000 0 6.000000 NULL
360.000000 3 2.000000 payoff
362.000000 0 2.000000 NULL
364.000000 1 2.000000 s1
366.000000 2 2.000000 s2
368.000000 0 4.000000 NULL
372.000000 3 2.000000 payoff
374.000000 0 2.000000 NULL
376.000000 1 2.000000 s1
378.000000 2 2.000000 s2
380.000000 0 4.000000 NULL
384.000000 3 2.000000 payoff
386.000000 0 2.000000 NULL
388.000000 1 2.000000 s1
390.000000 2 2.000000 s2
392.000000 0 2.000000 NULL
394.000000 3 2.000000 payoff
396.000000 0 2.000000 NULL
398.000000 1 2.000000 s1
400.000000 2 2.000000 s2
402.000000 3 2.000000 payoff
404.000000 0 2.000000 NULL
406.000000 1 2.000000 s1
408.000000 2 2.000000 s2
410.000000 0 4.000000 NULL
414.000000 3 2.000000 payoff
416.000000 0 2.000000 NULL
418.000000 1 2.000000 s1
420.000000 2 2.000000 s2
422.000000 3 2.000000 payoff
424.000000 0 2.000000 NULL
426.000000 1 2.000000 s1
428.000000 2 2.000000 s2
430.000000 0 2.000000 NULL
432.000000 3 2.000000 payoff
434.000000 0 2.000000 NULL
436.000000 1 2.000000 s1
438.000000 2 2.000000 s2
440.000000 0 6.000000 NULL
446.000000 3 2.000000 payoff
448.000000 0 2.000000 NULL
450.000000 1 2.000000 s1
452.000000 2 2.000000 s2
454.000000 0 2.000000 NULL
456.000000 3 2.000000 payoff
458.000000 0 2.000000 NULL
460.000000 1 2.000000 s1
462.000000 2 2.000000 s2
464.000000 0 2.000000 NULL
466.000000 3 2.000000 payoff
468.000000 0 2.000000 NULL
470.000000 1 2.000000 s1
472.000000 2 2.000000 s2
474.000000 0 4.000000 NULL
478.000000 3 2.000000 payoff
480.000000 0 2.000000 NULL
482.000000 1 2.000000 s1
484.000000 2 2.000000 s2
486.000000 0 6.000000 NULL
492.000000 3 2.000000 payoff
494.000000 0 2.000000 NULL
496.000000 1 2.000000 s1
498.000000 2 2.000000 s2
500.000000 0 6.000000 NULL
506.000000 3 2.000000 payoff
508.000000 0 2.000000 NULL
510.000000 1 2.000000 s1
512.000000 2 2.000000 s2
514.000000 0 6.000000 NULL
520.000000 3 2.000000 payoff
522.000000 0 2.000000 NULL
524.000000 1 2.000000 s1
526.000000 2 2.000000 s2
528.000000 0 6.000000 NULL
534.000000 3 2.000000 payoff
536.000000 0 2.000000 NULL
538.000000 1 2.000000 s1
540.000000 2 2.000000 s2
542.000000 0 6.000000 NULL
548.000000 3 2.000000 payoff
550.000000 0 2.000000 NULL
552.000000 1 2.000000 s1
554.000000 2 2.000000 s2
556.000000 3 2.000000 payoff
558.000000 0 2.000000 NULL
560.000000 1 2.000000 s1
562.000000 2 2.000000 s2
564.000000 0 4.000000 NULL
568.000000 3 2.000000 payoff
570.000000 0 2.000000 NULL
