0.000000 0 8.000000 NULL
8.000000 0 6.000000 NULL
14.000000 1 2.000000 s1
16.000000 2 2.000000 s2
18.000000 0 6.000000 NULL
24.000000 3 2.000000 payoff
26.000000 0 2.000000 NULL
28.000000 1 2.000000 s1
30.000000 2 2.000000 s2
32.000000 3 2.000000 payoff
34.000000 0 2.000000 NULL
36.000000 1 2.000000 s1
38.000000 2 2.000000 s2
40.000000 3 2.000000 payoff
42.000000 0 2.000000 NULL
44.000000 1 2.000000 s1
46.000000 2 2.000000 s2
48.000000 0 4.000000 NULL
52.000000 3 2.000000 payoff
54.000000 0 2.000000 NULL
56.000000 1 2.000000 s1
58.000000 2 2.000000 s2
60.000000 3 2.000000 payoff
62.000000 0 2.000000 NULL
64.000000 1 2.000000 s1
66.000000 2 2.000000 s2
68.000000 0 6.000000 NULL
74.000000 3 2.000000 payoff
76.000000 0 2.000000 NULL
78.000000 1 2.000000 s1
80.000000 2 2.000000 s2
82.000000 0 6.000000 NULL
88.000000 3 2.000000 payoff
90.000000 0 2.000000 NULL
92.000000 1 2.000000 s1
94.000000 2 2.000000 s2
96.000000 0 2.000000 NULL
98.000000 3 2.000000 payoff
100.000000 0 2.000000 NULL
102.000000 1 2.000000 s1
104.000000 2 2.000000 s2
106.000000 3 2.000000 payoff
108.000000 0 2.000000 NULL
110.000000 1 2.000000 s1
112.000000 2 2.000000 s2
114.000000 0 6.000000 NULL
120.000000 3 2.000000 payoff
122.000000 0 2.000000 NULL
124.000000 1 2.000000 s1
126.000000 2 2.000000 s2
128.000000 0 4.000000 NULL
132.000000 3 2.000000 payoff
134.000000 0 2.000000 NULL
136.000000 1 2.000000 s1
138.000000 2 2.000000 s2
140.000000 0 4.000000 NULL
144.000000 3 2.000000 payoff
146.000000 0 2.000000 NULL
148.000000 1 2.000000 s1
150.000000 2 2.000000 s2
152.000000 3 2.000000 payoff
154.000000 0 2.000000 NULL
156.000000 1 2.000000 s1
158.000000 2 2.000000 s2
160.000000 0 6.000000 NULL
166.000000 3 2.000000 payoff
168.000000 0 2.000000 NULL
170.000000 1 2.000000 s1
172.000000 2 2.000000 s2
174.000000 3 2.000000 payoff
176.000000 0 2.000000 NULL
178.000000 1 2.000000 s1
180.000000 2 2.000000 s2
182.000000 0 6.000000 NULL
188.000000 3 2.000000 payoff
190.000000 0 2.000000 NULL
192.000000 1 2.000000 s1
194.000000 2 2.000000 s2
196.000000 0 4.000000 NULL
200.000000 3 2.000000 payoff
202.000000 0 2.000000 NULL
204.000000 1 2.000000 s1
206.000000 2 2.000000 s2
208.000000 0 2.000000 NULL
210.000000 3 2.000000 payoff
212.000000 0 2.000000 NULL
214.000000 1 2.000000 s1
216.000000 2 2.000000 s2
218.000000 0 6.000000 NULL
224.000000 3 2.000000 payoff
226.000000 0 2.000000 NULL
228.000000 1 2.000000 s1
230.000000 2 2.000000 s2
232.000000 3 2.000000 payoff
234.000000 0 2.000000 NULL
236.000000 1 2.000000 s1
238.000000 2 2.000000 s2
240.000000 3 2.000000 payoff
242.000000 0 2.000000 NULL
244.000000 1 2.000000 s1
246.000000 2 2.000000 s2
248.000000 3 2.000000 payoff
250.000000 0 2.000000 NULL
252.000000 1 2.000000 s1
254.000000 2 2.000000 s2
256.000000 0 2.000000 NULL
258.000000 3 2.000000 payoff
260.000000 0 2.000000 NULL
262.000000 1 2.000000 s1
264.000000 2 2.000000 s2
266.000000 0 4.000000 NULL
270.000000 3 2.000000 payoff
272.000000 0 2.000000 NULL
274.000000 1 2.000000 s1
276.000000 2 2.000000 s2
278.000000 0 2.000000 NULL
280.000000 3 2.000000 payoff
282.000000 0 2.000000 NULL
284.000000 1 2.000000 s1
286.000000 2 2.000000 s2
288.000000 3 2.000000 payoff
290.000000 0 2.000000 NULL
292.000000 1 2.000000 s1
294.000000 2 2.000000 s2
296.000000 3 2.000000 payoff
298.000000 0 2.000000 NULL
300.000000 1 2.000000 s1
302.000000 2 2.000000 s2
304.000000 0 2.000000 NULL
306.000000 3 2.000000 payoff
308.000000 0 2.000000 NULL
310.000000 1 2.000000 s1
312.000000 2 2.000000 s2
314.000000 3 2.000000 payoff
316.000000 0 2.000000 NULL
318.000000 1 2.000000 s1
320.000000 2 2.000000 s2
322.000000 3 2.000000 payoff
324.000000 0 2.000000 NULL
326.000000 1 2.000000 s1
328.000000 2 2.000000 s2
330.000000 0 2.000000 NULL
332.000000 3 2.000000 payoff
334.000000 0 2.000000 NULL
336.000000 1 2.000000 s1
338.000000 2 2.000000 s2
340.000000 3 2.000000 payoff
342.000000 0 2.000000 NULL
344.000000 1 2.000000 s1
346.000000 2 2.000000 s2
348.000000 0 4.000000 NULL
352.000000 3 2.000000 payoff
354.000000 0 2.000000 NULL
356.000000 1 2.000000 s1
358.000000 2 2.000000 s2
360.000000 0 6.000000 NULL
366.000000 3 2.000000 payoff
368.000000 0 2.000000 NULL
370.000000 1 2.000000 s1
372.000000 2 2.000000 s2
374.000000 0 2.000000 NULL
376.000000 3 2.000000 payoff
378.000000 0 2.000000 NULL
380.000000 1 2.000000 s1
382.000000 2 2.000000 s2
384.000000 0 6.000000 NULL
390.000000 3 2.000000 payoff
392.000000 0 2.000000 NULL
394.000000 1 2.000000 s1
396.000000 2 2.000000 s2
398.000000 0 4.000000 NULL
402.000000 3 2.000000 payoff
404.000000 0 2.000000 NULL
406.000000 1 2.000000 s1
408.000000 2 2.000000 s2
410.000000 0 4.000000 NULL
414.000000 3 2.000000 payoff
416.000000 0 2.000000 NULL
418.000000 1 2.000000 s1
420.000000 2 2.000000 s2
422.000000 3 2.000000 payoff
424.000000 0 2.000000 NULL
426.000000 1 2.000000 s1
428.000000 2 2.000000 s2
430.000000 0 6.000000 NULL
436.000000 3 2.000000 payoff
438.000000 0 2.000000 NULL
440.000000 1 2.000000 s1
442.000000 2 2.000000 s2
444.000000 0 4.000000 NULL
448.000000 3 2.000000 payoff
450.000000 0 2.000000 NULL
452.000000 1 2.000000 s1
454.000000 2 2.000000 s2
456.000000 0 6.000000 NULL
462.000000 3 2.000000 payoff
464.000000 0 2.000000 NULL
466.000000 1 2.000000 s1
468.000000 2 2.000000 s2
470.000000 0 4.000000 NULL
474.000000 3 2.000000 payoff
476.000000 0 2.000000 NULL
478.000000 1 2.000000 s1
480.000000 2 2.000000 s2
482.000000 0 4.000000 NULL
486.000000 3 2.000000 payoff
488.000000 0 2.000000 NULL
490.000000 1 2.000000 s1
492.000000 2 2.000000 s2
494.000000 3 2.000000 payoff
496.000000 0 2.000000 NULL
498.000000 1 2.000000 s1
500.000000 2 2.000000 s2
502.000000 0 6.000000 NULL
508.000000 3 2.000000 payoff
510.000000 0 2.000000 NULL
512.000000 1 2.000000 s1
514.000000 2 2.000000 s2
516.000000 0 2.000000 NULL
518.000000 3 2.000000 payoff
520.000000 0 2.000000 NULL
522.000000 1 2.000000 s1
524.000000 2 2.000000 s2
526.000000 0 6.000000 NULL
532.000000 3 2.000000 payoff
534.000000 0 2.000000 NULL
536.000000 1 2.000000 s1
538.000000 2 2.000000 s2
540.000000 0 6.000000 NULL
546.000000 3 2.000000 payoff
548.000000 0 2.000000 NULL
550.000000 1 2.000000 s1
552.000000 2 2.000000 s2
554.000000 0 4.000000 NULL
558.000000 3 2.000000 payoff
560.000000 0 2.000000 NULL
