0.000000 0 8.000000 NULL
8.000000 0 6.000000 NULL
14.000000 1 2.000000 s1
16.000000 2 2.000000 s2
18.000000 0 6.000000 NULL
24.000000 3 2.000000 payoff
26.000000 0 2.000000 NULL
28.000000 1 2.000000 s1
30.000000 2 2.000000 s2
32.000000 0 2.000000 NULL
34.000000 3 2.000000 payoff
36.000000 0 2.000000 NULL
38.000000 1 2.000000 s1
40.000000 2 2.000000 s2
42.000000 0 2.000000 NULL
44.000000 3 2.000000 payoff
46.000000 0 2.000000 NULL
48.000000 1 2.000000 s1
50.000000 2 2.000000 s2
52.000000 3 2.000000 payoff
54.000000 0 2.000000 NULL
56.000000 1 2.000000 s1
58.000000 2 2.000000 s2
60.000000 0 2.000000 NULL
62.000000 3 2.000000 payoff
64.000000 0 2.000000 NULL
66.000000 1 2.000000 s1
68.000000 2 2.000000 s2
70.000000 0 4.000000 NULL
74.000000 3 2.000000 payoff
76.000000 0 2.000000 NULL
78.000000 1 2.000000 s1
80.000000 2 2.000000 s2
82.000000 0 2.000000 NULL
84.000000 3 2.000000 payoff
86.000000 0 2.000000 NULL
88.000000 1 2.000000 s1
90.000000 2 2.000000 s2
92.000000 0 6.000000 NULL
98.000000 3 2.000000 payoff
100.000000 0 2.000000 NULL
102.000000 1 2.000000 s1
104.000000 2 2.000000 s2
106.000000 0 4.000000 NULL
110.000000 3 2.000000 payoff
112.000000 0 2.000000 NULL
114.000000 1 2.000000 s1
116.000000 2 2.000000 s2
118.000000 0 2.000000 NULL
120.000000 3 2.000000 payoff
122.000000 0 2.000000 NULL
124.000000 1 2.000000 s1
126.000000 2 2.000000 s2
128.000000 0 6.000000 NULL
134.000000 3 2.000000 payoff
136.000000 0 2.000000 NULL
138.000000 1 2.000000 s1
140.000000 2 2.000000 s2
142.000000 0 2.000000 NULL
144.000000 3 2.000000 payoff
146.000000 0 2.000000 NULL
148.000000 1 2.000000 s1
150.000000 2 2.000000 s2
152.000000 0 2.000000 NULL
154.000000 3 2.000000 payoff
156.000000 0 2.000000 NULL
158.000000 1 2.000000 s1
160.000000 2 2.000000 s2
162.000000 0 4.000000 NULL
166.000000 3 2.000000 payoff
168.000000 0 2.000000 NULL
170.000000 1 2.000000 s1
172.000000 2 2.000000 s2
174.000000 3 2.000000 payoff
176.000000 0 2.000000 NULL
178.000000 1 2.000000 s1
180.000000 2 2.000000 s2
182.000000 0 2.000000 NULL
184.000000 3 2.000000 payoff
186.000000 0 2.000000 NULL
188.000000 1 2.000000 s1
190.000000 2 2.000000 s2
192.000000 0 6.000000 NULL
198.000000 3 2.000000 payoff
200.000000 0 2.000000 NULL
202.000000 1 2.000000 s1
204.000000 2 2.000000 s2
206.000000 3 2.000000 payoff
208.000000 0 2.000000 NULL
210.000000 1 2.000000 s1
212.000000 2 2.000000 s2
214.000000 3 2.000000 payoff
216.000000 0 2.000000 NULL
218.000000 1 2.000000 s1
220.000000 2 2.000000 s2
222.000000 0 6.000000 NULL
228.000000 3 2.000000 payoff
230.000000 0 2.000000 NULL
232.000000 1 2.000000 s1
234.000000 2 2.000000 s2
236.000000 3 2.000000 payoff
238.000000 0 2.000000 NULL
240.000000 1 2.000000 s1
242.000000 2 2.000000 s2
244.000000 3 2.000000 payoff
246.000000 0 2.000000 NULL
248.000000 1 2.000000 s1
250.000000 2 2.000000 s2
252.000000 0 4.000000 NULL
256.000000 3 2.000000 payoff
258.000000 0 2.000000 NULL
260.000000 1 2.000000 s1
262.000000 2 2.000000 s2
264.000000 3 2.000000 payoff
266.000000 0 2.000000 NULL
268.000000 1 2.000000 s1
270.000000 2 2.000000 s2
272.000000 3 2.000000 payoff
274.000000 0 2.000000 NULL
276.000000 1 2.000000 s1
278.000000 2 2.000000 s2
280.000000 3 2.000000 payoff
282.000000 0 2.000000 NULL
284.000000 1 2.000000 s1
286.000000 2 2.000000 s2
288.000000 0 4.000000 NULL
292.000000 3 2.000000 payoff
294.000000 0 2.000000 NULL
296.000000 1 2.000000 s1
298.000000 2 2.000000 s2
300.000000 0 4.000000 NULL
304.000000 3 2.000000 payoff
306.000000 0 2.000000 NULL
308.000000 1 2.000000 s1
310.000000 2 2.000000 s2
312.000000 0 4.000000 NULL
316.000000 3 2.000000 payoff
318.000000 0 2.000000 NULL
320.000000 1 2.000000 s1
322.000000 2 2.000000 s2
324.000000 0 2.000000 NULL
326.000000 3 2.000000 payoff
328.000000 0 2.000000 NULL
330.000000 1 2.000000 s1
332.000000 2 2.000000 s2
334.000000 0 4.000000 NULL
338.000000 3 2.000000 payoff
340.000000 0 2.000000 NULL
342.000000 1 2.000000 s1
344.000000 2 2.000000 s2
346.000000 0 2.000000 NULL
348.000000 3 2.000000 payoff
350.000000 0 2.000000 NULL
352.000000 1 2.000000 s1
354.000000 2 2.000000 s2
356.000000 0 6.000000 NULL
362.000000 3 2.000000 payoff
364.000000 0 2.000000 NULL
366.000000 1 2.000000 s1
368.000000 2 2.000000 s2
370.000000 3 2.000000 payoff
372.000000 0 2.000000 NULL
374.000000 1 2.000000 s1
376.000000 2 2.000000 s2
378.000000 0 6.000000 NULL
384.000000 3 2.000000 payoff
386.000000 0 2.000000 NULL
388.000000 1 2.000000 s1
390.000000 2 2.000000 s2
392.000000 0 6.000000 NULL
398.000000 3 2.000000 payoff
400.000000 0 2.000000 NULL
402.000000 1 2.000000 s1
404.000000 2 2.000000 s2
406.000000 0 2.000000 NULL
408.000000 3 2.000000 payoff
410.000000 0 2.000000 NULL
412.000000 1 2.000000 s1
414.000000 2 2.000000 s2
416.000000 0 2.000000 NULL
418.000000 3 2.000000 payoff
420.000000 0 2.000000 NULL
422.000000 1 2.000000 s1
424.000000 2 2.000000 s2
426.000000 3 2.000000 payoff
428.000000 0 2.000000 NULL
430.000000 1 2.000000 s1
432.000000 2 2.000000 s2
434.000000 0 4.000000 NULL
438.000000 3 2.000000 payoff
440.000000 0 2.000000 NULL
442.000000 1 2.000000 s1
444.000000 2 2.000000 s2
446.000000 0 4.000000 NULL
450.000000 3 2.000000 payoff
452.000000 0 2.000000 NULL
454.000000 1 2.000000 s1
456.000000 2 2.000000 s2
458.000000 0 6.000000 NULL
464.000000 3 2.000000 payoff
466.000000 0 2.000000 NULL
468.000000 1 2.000000 s1
470.000000 2 2.000000 s2
472.000000 0 4.000000 NULL
476.000000 3 2.000000 payoff
478.000000 0 2.000000 NULL
480.000000 1 2.000000 s1
482.000000 2 2.000000 s2
484.000000 0 2.000000 NULL
486.000000 3 2.000000 payoff
488.000000 0 2.000000 NULL
490.000000 1 2.000000 s1
492.000000 2 2.000000 s2
494.000000 3 2.000000 payoff
496.000000 0 2.000000 NULL
498.000000 1 2.000000 s1
500.000000 2 2.000000 s2
502.000000 0 6.000000 NULL
508.000000 3 2.000000 payoff
510.000000 0 2.000000 NULL
512.000000 1 2.000000 s1
514.000000 2 2.000000 s2
516.000000 3 2.000000 payoff
518.000000 0 2.000000 NULL
520.000000 1 2.000000 s1
522.000000 2 2.000000 s2
524.000000 0 2.000000 NULL
526.000000 3 2.000000 payoff
528.000000 0 2.000000 NULL
530.000000 1 2.000000 s1
532.000000 2 2.000000 s2
534.000000 0 6.000000 NULL
540.000000 3 2.000000 payoff
542.000000 0 2.000000 NULL
544.000000 1 2.000000 s1
546.000000 2 2.000000 s2
548.000000 0 6.000000 NULL
554.000000 3 2.000000 payoff
556.000000 0 2.000000 NULL
