0.000000 0 8.000000 NULL
8.000000 0 6.000000 NULL
14.000000 1 2.000000 s1
16.000000 2 2.000000 s2
18.000000 3 2.000000 payoff
20.000000 0 2.000000 NULL
22.000000 1 2.000000 s1
24.000000 2 2.000000 s2
26.000000 3 2.000000 payoff
28.000000 0 2.000000 NULL
30.000000 1 2.000000 s1
32.000000 2 2.000000 s2
34.000000 0 2.000000 NULL
36.000000 3 2.000000 payoff
38.000000 0 2.000000 NULL
40.000000 1 2.000000 s1
42.000000 2 2.000000 s2
44.000000 0 2.000000 NULL
46.000000 3 2.000000 payoff
48.000000 0 2.000000 NULL
50.000000 1 2.000000 s1
52.000000 2 2.000000 s2
54.000000 3 2.000000 payoff
56.000000 0 2.000000 NULL
58.000000 1 2.000000 s1
60.000000 2 2.000000 s2
62.000000 0 2.000000 NULL
64.000000 3 2.000000 payoff
66.000000 0 2.000000 NULL
68.000000 1 2.000000 s1
70.000000 2 2.000000 s2
72.000000 0 2.000000 NULL
74.000000 3 2.000000 payoff
76.000000 0 2.000000 NULL
78.000000 1 2.000000 s1
80.000000 2 2.000000 s2
82.000000 0 6.000000 NULL
88.000000 3 2.000000 payoff
90.000000 0 2.000000 NULL
92.000000 1 2.000000 s1
94.000000 2 2.000000 s2
96.000000 3 2.000000 payoff
98.000000 0 2.000000 NULL
100.000000 1 2.000000 s1
102.000000 2 2.000000 s2
104.000000 0 2.000000 NULL
106.000000 3 2.000000 payoff
108.000000 0 2.000000 NULL
110.000000 1 2.000000 s1
112.000000 2 2.000000 s2
114.000000 3 2.000000 payoff
116.000000 0 2.000000 NULL
118.000000 1 2.000000 s1
120.000000 2 2.000000 s2
122.000000 0 4.000000 NULL
126.000000 3 2.000000 payoff
128.000000 0 2.000000 NULL
130.000000 1 2.000000 s1
132.000000 2 2.000000 s2
134.000000 0 4.000000 NULL
138.000000 3 2.000000 payoff
140.000000 0 2.000000 NULL
142.000000 1 2.000000 s1
144.000000 2 2.000000 s2
146.000000 0 4.000000 NULL
150.000000 3 2.000000 payoff
152.000000 0 2.000000 NULL
154.000000 1 2.000000 s1
156.000000 2 2.000000 s2
158.000000 0 2.000000 NULL
160.000000 3 2.000000 payoff
162.000000 0 2.000000 NULL
164.000000 1 2.000000 s1
166.000000 2 2.000000 s2
168.000000 0 6.000000 NULL
174.000000 3 2.000000 payoff
176.000000 0 2.000000 NULL
178.000000 1 2.000000 s1
180.000000 2 2.000000 s2
182.000000 0 2.000000 NULL
184.000000 3 2.000000 payoff
186.000000 0 2.000000 NULL
188.000000 1 2.000000 s1
190.000000 2 2.000000 s2
192.000000 0 2.000000 NULL
194.000000 3 2.000000 payoff
196.000000 0 2.000000 NULL
198.000000 1 2.000000 s1
200.000000 2 2.000000 s2
202.000000 3 2.000000 payoff
204.000000 0 2.000000 NULL
206.000000 1 2.000000 s1
208.000000 2 2.000000 s2
210.000000 3 2.000000 payoff
212.000000 0 2.000000 NULL
214.000000 1 2.000000 s1
216.000000 2 2.000000 s2
218.000000 0 2.000000 NULL
220.000000 3 2.000000 payoff
222.000000 0 2.000000 NULL
224.000000 1 2.000000 s1
226.000000 2 2.000000 s2
228.000000 3 2.000000 payoff
230.000000 0 2.000000 NULL
232.000000 1 2.000000 s1
234.000000 2 2.000000 s2
236.000000 0 6.000000 NULL
242.000000 3 2.000000 payoff
244.000000 0 2.000000 NULL
246.000000 1 2.000000 s1
248.000000 2 2.000000 s2
250.000000 0 6.000000 NULL
256.000000 3 2.000000 payoff
258.000000 0 2.000000 NULL
260.000000 1 2.000000 s1
262.000000 2 2.000000 s2
264.000000 0 2.000000 NULL
266.000000 3 2.000000 payoff
268.000000 0 2.000000 NULL
270.000000 1 2.000000 s1
272.000000 2 2.000000 s2
274.000000 3 2.000000 payoff
276.000000 0 2.000000 NULL
278.000000 1 2.000000 s1
280.000000 2 2.000000 s2
282.000000 0 2.000000 NULL
284.000000 3 2.000000 payoff
286.000000 0 2.000000 NULL
288.000000 1 2.000000 s1
290.000000 2 2.000000 s2
292.000000 0 6.000000 NULL
298.000000 3 2.000000 payoff
300.000000 0 2.000000 NULL
302.000000 1 2.000000 s1
304.000000 2 2.000000 s2
306.000000 3 2.000000 payoff
308.000000 0 2.000000 NULL
310.000000 1 2.000000 s1
312.000000 2 2.000000 s2
314.000000 3 2.000000 payoff
316.000000 0 2.000000 NULL
318.000000 1 2.000000 s1
320.000000 2 2.000000 s2
322.000000 0 2.000000 NULL
324.000000 3 2.000000 payoff
326.000000 0 2.000000 NULL
328.000000 1 2.000000 s1
330.000000 2 2.000000 s2
332.000000 0 2.000000 NULL
334.000000 3 2.000000 payoff
336.000000 0 2.000000 NULL
338.000000 1 2.000000 s1
340.000000 2 2.000000 s2
342.000000 3 2.000000 payoff
344.000000 0 2.000000 NULL
346.000000 1 2.000000 s1
348.000000 2 2.000000 s2
350.000000 0 6.000000 NULL
356.000000 3 2.000000 payoff
358.000000 0 2.000000 NULL
360.000000 1 2.000000 s1
362.000000 2 2.000000 s2
364.000000 0 2.000000 NULL
366.000000 3 2.000000 payoff
368.000000 0 2.000000 NULL
370.000000 1 2.000000 s1
372.000000 2 2.000000 s2
374.000000 3 2.000000 payoff
376.000000 0 2.000000 NULL
378.000000 1 2.000000 s1
380.000000 2 2.000000 s2
382.000000 0 2.000000 NULL
384.000000 3 2.000000 payoff
386.000000 0 2.000000 NULL
388.000000 1 2.000000 s1
390.000000 2 2.000000 s2
392.000000 0 4.000000 NULL
396.000000 3 2.000000 payoff
398.000000 0 2.000000 NULL
400.000000 1 2.000000 s1
402.000000 2 2.000000 s2
404.000000 0 2.000000 NULL
406.000000 3 2.000000 payoff
408.000000 0 2.000000 NULL
410.000000 1 2.000000 s1
412.000000 2 2.000000 s2
414.000000 0 2.000000 NULL
416.000000 3 2.000000 payoff
418.000000 0 2.000000 NULL
420.000000 1 2.000000 s1
422.000000 2 2.000000 s2
424.000000 0 2.000000 NULL
426.000000 3 2.000000 payoff
428.000000 0 2.000000 NULL
430.000000 1 2.000000 s1
432.000000 2 2.000000 s2
434.000000 0 2.000000 NULL
436.000000 3 2.000000 payoff
438.000000 0 2.000000 NULL
440.000000 1 2.000000 s1
442.000000 2 2.000000 s2
444.000000 0 4.000000 NULL
448.000000 3 2.000000 payoff
450.000000 0 2.000000 NULL
452.000000 1 2.000000 s1
454.000000 2 2.000000 s2
456.000000 0 2.000000 NULL
458.000000 3 2.000000 payoff
460.000000 0 2.000000 NULL
462.000000 1 2.000000 s1
464.000000 2 2.000000 s2
466.000000 0 2.000000 NULL
468.000000 3 2.000000 payoff
470.000000 0 2.000000 NULL
472.000000 1 2.000000 s1
474.000000 2 2.000000 s2
476.000000 0 6.000000 NULL
482.000000 3 2.000000 payoff
484.000000 0 2.000000 NULL
486.000000 1 2.000000 s1
488.000000 2 2.000000 s2
490.000000 0 2.000000 NULL
492.000000 3 2.000000 payoff
494.000000 0 2.000000 NULL
496.000000 1 2.000000 s1
498.000000 2 2.000000 s2
500.000000 0 2.000000 NULL
502.000000 3 2.000000 payoff
504.000000 0 2.000000 NULL
506.000000 1 2.000000 s1
508.000000 2 2.000000 s2
510.000000 0 6.000000 NULL
516.000000 3 2.000000 payoff
518.000000 0 2.000000 NULL
520.000000 1 2.000000 s1
522.000000 2 2.000000 s2
524.000000 0 4.000000 NULL
528.000000 3 2.000000 payoff
530.000000 0 2.000000 NULL
