0.000000 0 8.000000 NULL
8.000000 0 6.000000 NULL
14.000000 1 2.000000 s1
16.000000 2 2.000000 s2
18.000000 0 4.000000 NULL
22.000000 3 2.000000 payoff
24.000000 0 2.000000 NULL
26.000000 1 2.000000 s1
28.000000 2 2.000000 s2
30.000000 0 4.000000 NULL
34.000000 3 2.000000 payoff
36.000000 0 2.000000 NULL
38.000000 1 2.000000 s1
40.000000 2 2.000000 s2
42.000000 0 6.000000 NULL
48.000000 3 2.000000 payoff
50.000000 0 2.000000 NULL
52.000000 1 2.000000 s1
54.000000 2 2.000000 s2
56.000000 0 6.000000 NULL
62.000000 3 2.000000 payoff
64.000000 0 2.000000 NULL
66.000000 1 2.000000 s1
68.000000 2 2.000000 s2
70.000000 3 2.000000 payoff
72.000000 0 2.000000 NULL
74.000000 1 2.000000 s1
76.000000 2 2.000000 s2
78.000000 0 4.000000 NULL
82.000000 3 2.000000 payoff
84.000000 0 2.000000 NULL
86.000000 1 2.000000 s1
88.000000 2 2.000000 s2
90.000000 0 4.000000 NULL
94.000000 3 2.000000 payoff
96.000000 0 2.000000 NULL
98.000000 1 2.000000 s1
100.000000 2 2.000000 s2
102.000000 0 6.000000 NULL
108.000000 3 2.000000 payoff
110.000000 0 2.000000 NULL
112.000000 1 2.000000 s1
114.000000 2 2.000000 s2
116.000000 0 4.000000 NULL
120.000000 3 2.000000 payoff
122.000000 0 2.000000 NULL
124.000000 1 2.000000 s1
126.000000 2 2.000000 s2
128.000000 0 6.000000 NULL
134.000000 3 2.000000 payoff
136.000000 0 2.000000 NULL
138.000000 1 2.000000 s1
140.000000 2 2.000000 s2
142.000000 0 6.000000 NULL
148.000000 3 2.000000 payoff
150.000000 0 2.000000 NULL
152.000000 1 2.000000 s1
154.000000 2 2.000000 s2
156.000000 3 2.000000 payoff
158.000000 0 2.000000 NULL
160.000000 1 2.000000 s1
162.000000 2 2.000000 s2
164.000000 0 2.000000 NULL
166.000000 3 2.000000 payoff
168.000000 0 2.000000 NULL
170.000000 1 2.000000 s1
172.000000 2 2.000000 s2
174.000000 0 4.000000 NULL
178.000000 3 2.000000 payoff
180.000000 0 2.000000 NULL
182.000000 1 2.000000 s1
184.000000 2 2.000000 s2
186.000000 0 4.000000 NULL
190.000000 3 2.000000 payoff
192.000000 0 2.000000 NULL
194.000000 1 2.000000 s1
196.000000 2 2.000000 s2
198.000000 3 2.000000 payoff
200.000000 0 2.000000 NULL
202.000000 1 2.000000 s1
204.000000 2 2.000000 s2
206.000000 0 2.000000 NULL
208.000000 3 2.000000 payoff
210.000000 0 2.000000 NULL
212.000000 1 2.000000 s1
214.000000 2 2.000000 s2
216.000000 0 2.000000 NULL
218.000000 3 2.000000 payoff
220.000000 0 2.000000 NULL
222.000000 1 2.000000 s1
224.000000 2 2.000000 s2
226.000000 3 2.000000 payoff
228.000000 0 2.000000 NULL
230.000000 1 2.000000 s1
232.000000 2 2.000000 s2
234.000000 0 6.000000 NULL
240.000000 3 2.000000 payoff
242.000000 0 2.000000 NULL
244.000000 1 2.000000 s1
246.000000 2 2.000000 s2
248.000000 0 2.000000 NULL
250.000000 3 2.000000 payoff
252.000000 0 2.000000 NULL
254.000000 1 2.000000 s1
256.000000 2 2.000000 s2
258.000000 0 6.000000 NULL
264.000000 3 2.000000 payoff
266.000000 0 2.000000 NULL
268.000000 1 2.000000 s1
270.000000 2 2.000000 s2
272.000000 0 2.000000 NULL
274.000000 3 2.000000 payoff
276.000000 0 2.000000 NULL
278.000000 1 2.000000 s1
280.000000 2 2.000000 s2
282.000000 0 4.000000 NULL
286.000000 3 2.000000 payoff
288.000000 0 2.000000 NULL
290.000000 1 2.000000 s1
292.000000 2 2.000000 s2
294.000000 3 2.000000 payoff
296.000000 0 2.000000 NULL
298.000000 1 2.000000 s1
300.000000 2 2.000000 s2
302.000000 0 2.000000 NULL
304.000000 3 2.000000 payoff
306.000000 0 2.000000 NULL
308.000000 1 2.000000 s1
310.000000 2 2.000000 s2
312.000000 3 2.000000 payoff
314.000000 0 2.000000 NULL
316.000000 1 2.000000 s1
318.000000 2 2.000000 s2
320.000000 0 6.000000 NULL
326.000000 3 2.000000 payoff
328.000000 0 2.000000 NULL
330.000000 1 2.000000 s1
332.000000 2 2.000000 s2
334.000000 0 6.000000 NULL
340.000000 3 2.000000 payoff
342.000000 0 2.000000 NULL
344.000000 1 2.000000 s1
346.000000 2 2.000000 s2
348.000000 0 4.000000 NULL
352.000000 3 2.000000 payoff
354.000000 0 2.000000 NULL
356.000000 1 2.000000 s1
358.000000 2 2.000000 s2
360.000000 0 2.000000 NULL
362.000000 3 2.000000 payoff
364.000000 0 2.000000 NULL
366.000000 1 2.000000 s1
368.000000 2 2.000000 s2
370.000000 0 4.000000 NULL
374.000000 3 2.000000 payoff
376.000000 0 2.000000 NULL
378.000000 1 2.000000 s1
380.000000 2 2.000000 s2
382.000000 0 6.000000 NULL
388.000000 3 2.000000 payoff
390.000000 0 2.000000 NULL
392.000000 1 2.000000 s1
394.000000 2 2.000000 s2
396.000000 3 2.000000 payoff
398.000000 0 2.000000 NULL
400.000000 1 2.000000 s1
402.000000 2 2.000000 s2
404.000000 0 2.000000 NULL
406.000000 3 2.000000 payoff
408.000000 0 2.000000 NULL
410.000000 1 2.000000 s1
412.000000 2 2.000000 s2
414.000000 0 6.000000 NULL
420.000000 3 2.000000 payoff
422.000000 0 2.000000 NULL
424.000000 1 2.000000 s1
426.000000 2 2.000000 s2
428.000000 3 2.000000 payoff
430.000000 0 2.000000 NULL
432.000000 1 2.000000 s1
434.000000 2 2.000000 s2
436.000000 0 6.000000 NULL
442.000000 3 2.000000 payoff
444.000000 0 2.000000 NULL
446.000000 1 2.000000 s1
448.000000 2 2.000000 s2
450.000000 0 2.000000 NULL
452.000000 3 2.000000 payoff
454.000000 0 2.000000 NULL
456.000000 1 2.000000 s1
458.000000 2 2.000000 s2
460.000000 0 2.000000 NULL
462.000000 3 2.000000 payoff
464.000000 0 2.000000 NULL
466.000000 1 2.000000 s1
468.000000 2 2.000000 s2
470.000000 0 2.000000 NULL
472.000000 3 2.000000 payoff
474.000000 0 2.000000 NULL
476.000000 1 2.000000 s1
478.000000 2 2.000000 s2
480.000000 3 2.000000 payoff
482.000000 0 2.000000 NULL
484.000000 1 2.000000 s1
486.000000 2 2.000000 s2
488.000000 0 2.000000 NULL
490.000000 3 2.000000 payoff
492.000000 0 2.000000 NULL
494.000000 1 2.000000 s1
496.000000 2 2.000000 s2
498.000000 3 2.000000 payoff
500.000000 0 2.000000 NULL
502.000000 1 2.000000 s1
504.000000 2 2.000000 s2
506.000000 0 4.000000 NULL
510.000000 3 2.000000 payoff
512.000000 0 2.000000 NULL
514.000000 1 2.000000 s1
516.000000 2 2.000000 s2
518.000000 0 2.000000 NULL
520.000000 3 2.000000 payoff
522.000000 0 2.000000 NULL
524.000000 1 2.000000 s1
526.000000 2 2.000000 s2
528.000000 0 6.000000 NULL
534.000000 3 2.000000 payoff
536.000000 0 2.000000 NULL
538.000000 1 2.000000 s1
540.000000 2 2.000000 s2
542.000000 3 2.000000 payoff
544.000000 0 2.000000 NULL
546.000000 1 2.000000 s1
548.000000 2 2.000000 s2
550.000000 0 6.000000 NULL
556.000000 3 2.000000 payoff
558.000000 0 2.000000 NULL
560.000000 1 2.000000 s1
562.000000 2 2.000000 s2
564.000000 0 2.000000 NULL
566.000000 3 2.000000 payoff
568.000000 0 2.000000 NULL
