0.000000 0 8.000000 NULL
8.000000 0 6.000000 NULL
14.000000 1 2.000000 s1
16.000000 2 2.000000 s2
18.000000 3 2.000000 payoff
20.000000 0 2.000000 NULL
22.000000 1 2.000000 s1
24.000000 2 2.000000 s2
26.000000 0 4.000000 NULL
30.000000 3 2.000000 payoff
32.000000 0 2.000000 NULL
34.000000 1 2.000000 s1
36.000000 2 2.000000 s2
38.000000 0 4.000000 NULL
42.000000 3 2.000000 payoff
44.000000 0 2.000000 NULL
46.000000 1 2.000000 s1
48.000000 2 2.000000 s2
50.000000 0 2.000000 NULL
52.000000 3 2.000000 payoff
54.000000 0 2.000000 NULL
56.000000 1 2.000000 s1
58.000000 2 2.000000 s2
60.000000 0 4.000000 NULL
64.000000 3 2.000000 payoff
66.000000 0 2.000000 NULL
68.000000 1 2.000000 s1
70.000000 2 2.000000 s2
72.000000 0 4.000000 NULL
76.000000 3 2.000000 payoff
78.000000 0 2.000000 NULL
80.000000 1 2.000000 s1
82.000000 2 2.000000 s2
84.000000 0 6.000000 NULL
90.000000 3 2.000000 payoff
92.000000 0 2.000000 NULL
94.000000 1 2.000000 s1
96.000000 2 2.000000 s2
98.000000 3 2.000000 payoff
100.000000 0 2.000000 NULL
102.000000 1 2.000000 s1
104.000000 2 2.000000 s2
106.000000 3 2.000000 payoff
108.000000 0 2.000000 NULL
110.000000 1 2.000000 s1
112.000000 2 2.000000 s2
114.000000 0 4.000000 NULL
118.000000 3 2.000000 payoff
120.000000 0 2.000000 NULL
122.000000 1 2.000000 s1
124.000000 2 2.000000 s2
126.000000 0 2.000000 NULL
128.000000 3 2.000000 payoff
130.000000 0 2.000000 NULL
132.000000 1 2.000000 s1
134.000000 2 2.000000 s2
136.000000 3 2.000000 payoff
138.000000 0 2.000000 NULL
140.000000 1 2.000000 s1
142.000000 2 2.000000 s2
144.000000 0 6.000000 NULL
150.000000 3 2.000000 payoff
152.000000 0 2.000000 NULL
154.000000 1 2.000000 s1
156.000000 2 2.000000 s2
158.000000 3 2.000000 payoff
160.000000 0 2.000000 NULL
162.000000 1 2.000000 s1
164.000000 2 2.000000 s2
166.000000 0 6.000000 NULL
172.000000 3 2.000000 payoff
174.000000 0 2.000000 NULL
176.000000 1 2.000000 s1
178.000000 2 2.000000 s2
180.000000 0 4.000000 NULL
184.000000 3 2.000000 payoff
186.000000 0 2.000000 NULL
188.000000 1 2.000000 s1
190.000000 2 2.000000 s2
192.000000 0 6.000000 NULL
198.000000 3 2.000000 payoff
200.000000 0 2.000000 NULL
202.000000 1 2.000000 s1
204.000000 2 2.000000 s2
206.000000 0 2.000000 NULL
208.000000 3 2.000000 payoff
210.000000 0 2.000000 NULL
212.000000 1 2.000000 s1
214.000000 2 2.000000 s2
216.000000 0 4.000000 NULL
220.000000 3 2.000000 payoff
222.000000 0 2.000000 NULL
224.000000 1 2.000000 s1
226.000000 2 2.000000 s2
228.000000 0 4.000000 NULL
232.000000 3 2.000000 payoff
234.000000 0 2.000000 NULL
236.000000 1 2.000000 s1
238.000000 2 2.000000 s2
240.000000 0 2.000000 NULL
242.000000 3 2.000000 payoff
244.000000 0 2.000000 NULL
246.000000 1 2.000000 s1
248.000000 2 2.000000 s2
250.000000 3 2.000000 payoff
252.000000 0 2.000000 NULL
254.000000 1 2.000000 s1
256.000000 2 2.000000 s2
258.000000 3 2.000000 payoff
260.000000 0 2.000000 NULL
262.000000 1 2.000000 s1
264.000000 2 2.000000 s2
266.000000 0 6.000000 NULL
272.000000 3 2.000000 payoff
274.000000 0 2.000000 NULL
276.000000 1 2.000000 s1
278.000000 2 2.000000 s2
280.000000 0 6.000000 NULL
286.000000 3 2.000000 payoff
288.000000 0 2.000000 NULL
290.000000 1 2.000000 s1
292.000000 2 2.000000 s2
294.000000 0 6.000000 NULL
300.000000 3 2.000000 payoff
302.000000 0 2.000000 NULL
304.000000 1 2.000000 s1
306.000000 2 2.000000 s2
308.000000 0 4.000000 NULL
312.000000 3 2.000000 payoff
314.000000 0 2.000000 NULL
316.000000 1 2.000000 s1
318.000000 2 2.000000 s2
320.000000 0 4.000000 NULL
324.000000 3 2.000000 payoff
326.000000 0 2.000000 NULL
328.000000 1 2.000000 s1
330.000000 2 2.000000 s2
332.000000 0 2.000000 NULL
334.000000 3 2.000000 payoff
336.000000 0 2.000000 NULL
338.000000 1 2.000000 s1
340.000000 2 2.000000 s2
342.000000 3 2.000000 payoff
344.000000 0 2.000000 NULL
346.000000 1 2.000000 s1
348.000000 2 2.000000 s2
350.000000 0 2.000000 NULL
352.000000 3 2.000000 payoff
354.000000 0 2.000000 NULL
356.000000 1 2.000000 s1
358.000000 2 2.000000 s2
360.000000 0 4.000000 NULL
364.000000 3 2.000000 payoff
366.000000 0 2.000000 NULL
368.000000 1 2.000000 s1
370.000000 2 2.000000 s2
372.000000 0 4.000000 NULL
376.000000 3 2.000000 payoff
378.000000 0 2.000000 NULL
380.000000 1 2.000000 s1
382.000000 2 2.000000 s2
384.000000 0 2.000000 NULL
386.000000 3 2.000000 payoff
388.000000 0 2.000000 NULL
390.000000 1 2.000000 s1
392.000000 2 2.000000 s2
394.000000 0 6.000000 NULL
400.000000 3 2.000000 payoff
402.000000 0 2.000000 NULL
404.000000 1 2.000000 s1
406.000000 2 2.000000 s2
408.000000 0 2.000000 NULL
410.000000 3 2.000000 payoff
412.000000 0 2.000000 NULL
414.000000 1 2.000000 s1
416.000000 2 2.000000 s2
418.000000 0 2.000000 NULL
420.000000 3 2.000000 payoff
422.000000 0 2.000000 NULL
424.000000 1 2.000000 s1
426.000000 2 2.000000 s2
428.000000 0 4.000000 NULL
432.000000 3 2.000000 payoff
434.000000 0 2.000000 NULL
436.000000 1 2.000000 s1
438.000000 2 2.000000 s2
440.000000 3 2.000000 payoff
442.000000 0 2.000000 NULL
444.000000 1 2.000000 s1
446.000000 2 2.000000 s2
448.000000 0 6.000000 NULL
454.000000 3 2.000000 payoff
456.000000 0 2.000000 NULL
458.000000 1 2.000000 s1
460.000000 2 2.000000 s2
462.000000 3 2.000000 payoff
464.000000 0 2.000000 NULL
466.000000 1 2.000000 s1
468.000000 2 2.000000 s2
470.000000 0 2.000000 NULL
472.000000 3 2.000000 payoff
474.000000 0 2.000000 NULL
476.000000 1 2.000000 s1
478.000000 2 2.000000 s2
480.000000 0 4.000000 NULL
484.000000 3 2.000000 payoff
486.000000 0 2.000000 NULL
488.000000 1 2.000000 s1
490.000000 2 2.000000 s2
492.000000 0 6.000000 NULL
498.000000 3 2.000000 payoff
500.000000 0 2.000000 NULL
502.000000 1 2.000000 s1
504.000000 2 2.000000 s2
506.000000 3 2.000000 payoff
508.000000 0 2.000000 NULL
510.000000 1 2.000000 s1
512.000000 2 2.000000 s2
514.000000 0 6.000000 NULL
520.000000 3 2.000000 payoff
522.000000 0 2.000000 NULL
524.000000 1 2.000000 s1
526.000000 2 2.000000 s2
528.000000 0 2.000000 NULL
530.000000 3 2.000000 payoff
532.000000 0 2.000000 NULL
534.000000 1 2.000000 s1
536.000000 2 2.000000 s2
538.000000 3 2.000000 payoff
540.000000 0 2.000000 NULL
542.000000 1 2.000000 s1
544.000000 2 2.000000 s2
546.000000 0 2.000000 NULL
548.000000 3 2.000000 payoff
550.000000 0 2.000000 NULL
552.000000 1 2.000000 s1
554.000000 2 2.000000 s2
556.000000 0 2.000000 NULL
558.000000 3 2.000000 payoff
560.000000 0 2.000000 NULL
