0.000000 0 8.000000 NULL
8.000000 0 6.000000 NULL
14.000000 1 2.000000 s1
16.000000 2 2.000000 s2
18.000000 0 6.000000 NULL
24.000000 3 2.000000 payoff
26.000000 0 2.000000 NULL
28.000000 1 2.000000 s1
30.000000 2 2.000000 s2
32.000000 0 4.000000 NULL
36.000000 3 2.000000 payoff
38.000000 0 2.000000 NULL
40.000000 1 2.000000 s1
42.000000 2 2.000000 s2
44.000000 0 6.000000 NULL
50.000000 3 2.000000 payoff
52.000000 0 2.000000 NULL
54.000000 1 2.000000 s1
56.000000 2 2.000000 s2
58.000000 3 2.000000 payoff
60.000000 0 2.000000 NULL
62.000000 1 2.000000 s1
64.000000 2 2.000000 s2
66.000000 0 4.000000 NULL
70.000000 3 2.000000 payoff
72.000000 0 2.000000 NULL
74.000000 1 2.000000 s1
76.000000 2 2.000000 s2
78.000000 0 6.000000 NULL
84.000000 3 2.000000 payoff
86.000000 0 2.000000 NULL
88.000000 1 2.000000 s1
90.000000 2 2.000000 s2
92.000000 0 4.000000 NULL
96.000000 3 2.000000 payoff
98.000000 0 2.000000 NULL
100.000000 1 2.000000 s1
102.000000 2 2.000000 s2
104.000000 0 2.000000 NULL
106.000000 3 2.000000 payoff
108.000000 0 2.000000 NULL
110.000000 1 2.000000 s1
112.000000 2 2.000000 s2
114.000000 0 6.000000 NULL
120.000000 3 2.000000 payoff
122.000000 0 2.000000 NULL
124.000000 1 2.000000 s1
126.000000 2 2.000000 s2
128.000000 0 6.000000 NULL
134.000000 3 2.000000 payoff
136.000000 0 2.000000 NULL
138.000000 1 2.000000 s1
140.000000 2 2.000000 s2
142.000000 3 2.000000 payoff
144.000000 0 2.000000 NULL
146.000000 1 2.000000 s1
148.000000 2 2.000000 s2
150.000000 0 4.000000 NULL
154.000000 3 2.000000 payoff
156.000000 0 2.000000 NULL
158.000000 1 2.000000 s1
160.000000 2 2.000000 s2
162.000000 0 6.000000 NULL
168.000000 3 2.000000 payoff
170.000000 0 2.000000 NULL
172.000000 1 2.000000 s1
174.000000 2 2.000000 s2
176.000000 0 6.000000 NULL
182.000000 3 2.000000 payoff
184.000000 0 2.000000 NULL
186.000000 1 2.000000 s1
188.000000 2 2.000000 s2
190.000000 0 2.000000 NULL
192.000000 3 2.000000 payoff
194.000000 0 2.000000 NULL
196.000000 1 2.000000 s1
198.000000 2 2.000000 s2
200.000000 3 2.000000 payoff
202.000000 0 2.000000 NULL
204.000000 1 2.000000 s1
206.000000 2 2.000000 s2
208.000000 0 4.000000 NULL
212.000000 3 2.000000 payoff
214.000000 0 2.000000 NULL
216.000000 1 2.000000 s1
218.000000 2 2.000000 s2
220.000000 0 2.000000 NULL
222.000000 3 2.000000 payoff
224.000000 0 2.000000 NULL
226.000000 1 2.000000 s1
228.000000 2 2.000000 s2
230.000000 3 2.000000 payoff
232.000000 0 2.000000 NULL
234.000000 1 2.000000 s1
236.000000 2 2.000000 s2
238.000000 3 2.000000 payoff
240.000000 0 2.000000 NULL
242.000000 1 2.000000 s1
244.000000 2 2.000000 s2
246.000000 3 2.000000 payoff
248.000000 0 2.000000 NULL
250.000000 1 2.000000 s1
252.000000 2 2.000000 s2
254.000000 3 2.000000 payoff
256.000000 0 2.000000 NULL
258.000000 1 2.000000 s1
260.000000 2 2.000000 s2
262.000000 0 4.000000 NULL
266.000000 3 2.000000 payoff
268.000000 0 2.000000 NULL
270.000000 1 2.000000 s1
272.000000 2 2.000000 s2
274.000000 0 6.000000 NULL
280.000000 3 2.000000 payoff
282.000000 0 2.000000 NULL
284.000000 1 2.000000 s1
286.000000 2 2.000000 s2
288.000000 0 6.000000 NULL
294.000000 3 2.000000 payoff
296.000000 0 2.000000 NULL
298.000000 1 2.000000 s1
300.000000 2 2.000000 s2
302.000000 0 4.000000 NULL
306.000000 3 2.000000 payoff
308.000000 0 2.000000 NULL
310.000000 1 2.000000 s1
312.000000 2 2.000000 s2
314.000000 0 6.000000 NULL
320.000000 3 2.000000 payoff
322.000000 0 2.000000 NULL
324.000000 1 2.000000 s1
326.000000 2 2.000000 s2
328.000000 0 4.000000 NULL
332.000000 3 2.000000 payoff
334.000000 0 2.000000 NULL
336.000000 1 2.000000 s1
338.000000 2 2.000000 s2
340.000000 0 2.000000 NULL
342.000000 3 2.000000 payoff
344.000000 0 2.000000 NULL
346.000000 1 2.000000 s1
348.000000 2 2.000000 s2
350.000000 0 6.000000 NULL
356.000000 3 2.000000 payoff
358.000000 0 2.000000 NULL
360.000000 1 2.000000 s1
362.000000 2 2.000000 s2
364.000000 3 2.000000 payoff
366.000000 0 2.000000 NULL
368.000000 1 2.000000 s1
370.000000 2 2.000000 s2
372.000000 0 4.000000 NULL
376.000000 3 2.000000 payoff
378.000000 0 2.000000 NULL
380.000000 1 2.000000 s1
382.000000 2 2.000000 s2
384.000000 3 2.000000 payoff
386.000000 0 2.000000 NULL
388.000000 1 2.000000 s1
390.000000 2 2.000000 s2
392.000000 0 4.000000 NULL
396.000000 3 2.000000 payoff
398.000000 0 2.000000 NULL
400.000000 1 2.000000 s1
402.000000 2 2.000000 s2
404.000000 0 4.000000 NULL
408.000000 3 2.000000 payoff
410.000000 0 2.000000 NULL
412.000000 1 2.000000 s1
414.000000 2 2.000000 s2
416.000000 0 2.000000 NULL
418.000000 3 2.000000 payoff
420.000000 0 2.000000 NULL
422.000000 1 2.000000 s1
424.000000 2 2.000000 s2
426.000000 0 4.000000 NULL
430.000000 3 2.000000 payoff
432.000000 0 2.000000 NULL
434.000000 1 2.000000 s1
436.000000 2 2.000000 s2
438.000000 0 2.000000 NULL
440.000000 3 2.000000 payoff
442.000000 0 2.000000 NULL
444.000000 1 2.000000 s1
446.000000 2 2.000000 s2
448.000000 0 6.000000 NULL
454.000000 3 2.000000 payoff
456.000000 0 2.000000 NULL
458.000000 1 2.000000 s1
460.000000 2 2.000000 s2
462.000000 0 4.000000 NULL
466.000000 3 2.000000 payoff
468.000000 0 2.000000 NULL
470.000000 1 2.000000 s1
472.000000 2 2.000000 s2
474.000000 0 2.000000 NULL
476.000000 3 2.000000 payoff
478.000000 0 2.000000 NULL
480.000000 1 2.000000 s1
482.000000 2 2.000000 s2
484.000000 3 2.000000 payoff
486.000000 0 2.000000 NULL
488.000000 1 2.000000 s1
490.000000 2 2.000000 s2
492.000000 0 4.000000 NULL
496.000000 3 2.000000 payoff
498.000000 0 2.000000 NULL
500.000000 1 2.000000 s1
502.000000 2 2.000000 s2
504.000000 0 6.000000 NULL
510.000000 3 2.000000 payoff
512.000000 0 2.000000 NULL
514.000000 1 2.000000 s1
516.000000 2 2.000000 s2
518.000000 3 2.000000 payoff
520.000000 0 2.000000 NULL
522.000000 1 2.000000 s1
524.000000 2 2.000000 s2
526.000000 0 6.000000 NULL
532.000000 3 2.000000 payoff
534.000000 0 2.000000 NULL
536.000000 1 2.000000 s1
538.000000 2 2.000000 s2
540.000000 0 4.000000 NULL
544.000000 3 2.000000 payoff
546.000000 0 2.000000 NULL
548.000000 1 2.000000 s1
550.000000 2 2.000000 s2
552.000000 0 2.000000 NULL
554.000000 3 2.000000 payoff
556.000000 0 2.000000 NULL
558.000000 1 2.000000 s1
560.000000 2 2.000000 s2
562.000000 0 6.000000 NULL
568.000000 3 2.000000 payoff
570.000000 0 2.000000 NULL
572.000000 1 2.000000 s1
574.000000 2 2.000000 s2
576.000000 0 6.000000 NULL
582.000000 3 2.000000 payoff
584.000000 0 2.000000 NULL
