0.000000 0 8.000000 NULL
8.000000 0 6.000000 NULL
14.000000 1 2.000000 s1
16.000000 2 2.000000 s2
18.000000 0 2.000000 NULL
20.000000 3 2.000000 payoff
22.000000 0 2.000000 NULL
24.000000 1 2.000000 s1
26.000000 2 2.000000 s2
28.000000 0 2.000000 NULL
30.000000 3 2.000000 payoff
32.000000 0 2.000000 NULL
34.000000 1 2.000000 s1
36.000000 2 2.000000 s2
38.000000 0 2.000000 NULL
40.000000 3 2.000000 payoff
42.000000 0 2.000000 NULL
44.000000 1 2.000000 s1
46.000000 2 2.000000 s2
48.000000 3 2.000000 payoff
50.000000 0 2.000000 NULL
52.000000 1 2.000000 s1
54.000000 2 2.000000 s2
56.000000 0 6.000000 NULL
62.000000 3 2.000000 payoff
64.000000 0 2.000000 NULL
66.000000 1 2.000000 s1
68.000000 2 2.000000 s2
70.000000 0 6.000000 NULL
76.000000 3 2.000000 payoff
78.000000 0 2.000000 NULL
80.000000 1 2.000000 s1
82.000000 2 2.000000 s2
84.000000 3 2.000000 payoff
86.000000 0 2.000000 NULL
88.000000 1 2.000000 s1
90.000000 2 2.000000 s2
92.000000 0 6.000000 NULL
98.000000 3 2.000000 payoff
100.000000 0 2.000000 NULL
102.000000 1 2.000000 s1
104.000000 2 2.000000 s2
106.000000 0 2.000000 NULL
108.000000 3 2.000000 payoff
110.000000 0 2.000000 NULL
112.000000 1 2.000000 s1
114.000000 2 2.000000 s2
116.000000 0 6.000000 NULL
122.000000 3 2.000000 payoff
124.000000 0 2.000000 NULL
126.000000 1 2.000000 s1
128.000000 2 2.000000 s2
130.000000 3 2.000000 payoff
132.000000 0 2.000000 NULL
134.000000 1 2.000000 s1
136.000000 2 2.000000 s2
138.000000 0 2.000000 NULL
140.000000 3 2.000000 payoff
142.000000 0 2.000000 NULL
144.000000 1 2.000000 s1
146.000000 2 2.000000 s2
148.000000 0 2.000000 NULL
150.000000 3 2.000000 payoff
152.000000 0 2.000000 NULL
154.000000 1 2.000000 s1
156.000000 2 2.000000 s2
158.000000 0 4.000000 NULL
162.000000 3 2.000000 payoff
164.000000 0 2.000000 NULL
166.000000 1 2.000000 s1
168.000000 2 2.000000 s2
170.000000 0 6.000000 NULL
176.000000 3 2.000000 payoff
178.000000 0 2.000000 NULL
180.000000 1 2.000000 s1
182.000000 2 2.000000 s2
184.000000 0 4.000000 NULL
188.000000 3 2.000000 payoff
190.000000 0 2.000000 NULL
192.000000 1 2.000000 s1
194.000000 2 2.000000 s2
196.000000 3 2.000000 payoff
198.000000 0 2.000000 NULL
200.000000 1 2.000000 s1
202.000000 2 2.000000 s2
204.000000 0 6.000000 NULL
210.000000 3 2.000000 payoff
212.000000 0 2.000000 NULL
214.000000 1 2.000000 s1
216.000000 2 2.000000 s2
218.000000 0 4.000000 NULL
222.000000 3 2.000000 payoff
224.000000 0 2.000000 NULL
226.000000 1 2.000000 s1
228.000000 2 2.000000 s2
230.000000 0 6.000000 NULL
236.000000 3 2.000000 payoff
238.000000 0 2.000000 NULL
240.000000 1 2.000000 s1
242.000000 2 2.000000 s2
244.000000 0 2.000000 NULL
246.000000 3 2.000000 payoff
248.000000 0 2.000000 NULL
250.000000 1 2.000000 s1
252.000000 2 2.000000 s2
254.000000 0 6.000000 NULL
260.000000 3 2.000000 payoff
262.000000 0 2.000000 NULL
264.000000 1 2.000000 s1
266.000000 2 2.000000 s2
268.000000 0 6.000000 NULL
274.000000 3 2.000000 payoff
276.000000 0 2.000000 NULL
278.000000 1 2.000000 s1
280.000000 2 2.000000 s2
282.000000 3 2.000000 payoff
284.000000 0 2.000000 NULL
286.000000 1 2.000000 s1
288.000000 2 2.000000 s2
290.000000 0 4.000000 NULL
294.000000 3 2.000000 payoff
296.000000 0 2.000000 NULL
298.000000 1 2.000000 s1
300.000000 2 2.000000 s2
302.000000 3 2.000000 payoff
304.000000 0 2.000000 NULL
306.000000 1 2.000000 s1
308.000000 2 2.000000 s2
310.000000 0 6.000000 NULL
316.000000 3 2.000000 payoff
318.000000 0 2.000000 NULL
320.000000 1 2.000000 s1
322.000000 2 2.000000 s2
324.000000 0 6.000000 NULL
330.000000 3 2.000000 payoff
332.000000 0 2.000000 NULL
334.000000 1 2.000000 s1
336.000000 2 2.000000 s2
338.000000 3 2.000000 payoff
340.000000 0 2.000000 NULL
342.000000 1 2.000000 s1
344.000000 2 2.000000 s2
346.000000 0 2.000000 NULL
348.000000 3 2.000000 payoff
350.000000 0 2.000000 NULL
352.000000 1 2.000000 s1
354.000000 2 2.000000 s2
356.000000 0 4.000000 NULL
360.000000 3 2.000000 payoff
362.000000 0 2.000000 NULL
364.000000 1 2.000000 s1
366.000000 2 2.000000 s2
368.000000 0 2.000000 NULL
370.000000 3 2.000000 payoff
372.000000 0 2.000000 NULL
374.000000 1 2.000000 s1
376.000000 2 2.000000 s2
378.000000 0 2.000000 NULL
380.000000 3 2.000000 payoff
382.000000 0 2.000000 NULL
384.000000 1 2.000000 s1
386.000000 2 2.000000 s2
388.000000 0 2.000000 NULL
390.000000 3 2.000000 payoff
392.000000 0 2.000000 NULL
394.000000 1 2.000000 s1
396.000000 2 2.000000 s2
398.000000 3 2.000000 payoff
400.000000 0 2.000000 NULL
402.000000 1 2.000000 s1
404.000000 2 2.000000 s2
406.000000 3 2.000000 payoff
408.000000 0 2.000000 NULL
410.000000 1 2.000000 s1
412.000000 2 2.000000 s2
414.000000 3 2.000000 payoff
416.000000 0 2.000000 NULL
418.000000 1 2.000000 s1
420.000000 2 2.000000 s2
422.000000 0 4.000000 NULL
426.000000 3 2.000000 payoff
428.000000 0 2.000000 NULL
430.000000 1 2.000000 s1
432.000000 2 2.000000 s2
434.000000 0 2.000000 NULL
436.000000 3 2.000000 payoff
438.000000 0 2.000000 NULL
440.000000 1 2.000000 s1
442.000000 2 2.000000 s2
444.000000 0 2.000000 NULL
446.000000 3 2.000000 payoff
448.000000 0 2.000000 NULL
450.000000 1 2.000000 s1
452.000000 2 2.000000 s2
454.000000 3 2.000000 payoff
456.000000 0 2.000000 NULL
458.000000 1 2.000000 s1
460.000000 2 2.000000 s2
462.000000 0 6.000000 NULL
468.000000 3 2.000000 payoff
470.000000 0 2.000000 NULL
472.000000 1 2.000000 s1
474.000000 2 2.000000 s2
476.000000 0 4.000000 NULL
480.000000 3 2.000000 payoff
482.000000 0 2.000000 NULL
484.000000 1 2.000000 s1
486.000000 2 2.000000 s2
488.000000 0 2.000000 NULL
490.000000 3 2.000000 payoff
492.000000 0 2.000000 NULL
494.000000 1 2.000000 s1
496.000000 2 2.000000 s2
498.000000 3 2.000000 payoff
500.000000 0 2.000000 NULL
502.000000 1 2.000000 s1
504.000000 2 2.000000 s2
506.000000 0 4.000000 NULL
510.000000 3 2.000000 payoff
512.000000 0 2.000000 NULL
514.000000 1 2.000000 s1
516.000000 2 2.000000 s2
518.000000 0 4.000000 NULL
522.000000 3 2.000000 payoff
524.000000 0 2.000000 NULL
526.000000 1 2.000000 s1
528.000000 2 2.000000 s2
530.000000 0 2.000000 NULL
532.000000 3 2.000000 payoff
534.000000 0 2.000000 NULL
536.000000 1 2.000000 s1
538.000000 2 2.000000 s2
540.000000 3 2.000000 payoff
542.000000 0 2.000000 NULL
544.000000 1 2.000000 s1
546.000000 2 2.000000 s2
548.000000 0 2.000000 NULL
550.000000 3 2.000000 payoff
552.000000 0 2.000000 NULL
